      6.89204
      7.02626
      7.45004
      10.6308
      10.0076
      7.40100
      9.95581
      5.13385
      6.88830
      9.58737
      13.0115
      14.5690
      14.4529
      8.88861
      6.76226
      4.03732
      4.67349
      2.85225
      2.53576
      1.40466
      5.48439
      4.59036
      6.36699
      3.26194
      4.79027
      3.22325
      4.30241
      2.91154
      2.08526
      3.36537
      5.61410
      5.68645
      3.75389
      3.52892
      5.61460
      6.01346
      3.74330
      3.03719
      4.25209
      3.66595
      3.06672
      7.97683
      14.6334
      18.2291
      7.99571
      7.73567
      8.01148
      12.1791
      21.1204
      17.2964
      5.72976
      6.28738
      3.54918
      2.67344
      2.10467
      3.25235
      4.36596
      4.25417
      2.92470
      3.51674
      1.87502
      1.64550
      2.63648
      3.56046
      2.85979
      2.40434
      1.96442
      1.82486
      1.95308
      4.16139
      3.30749
      3.60130
      3.61144
      2.78389
      3.18214
      2.46243
      4.12393
      3.23720
      4.22645
      2.52910
      3.49379
      1.73255
      1.60338
      1.47374
      2.26983
      5.01725
      7.21967
      6.44713
      7.38249
      2.99420
      2.31706
      2.37206
      2.34101
      3.37169
      3.88105
      4.70403
      3.28318
      3.37824
      3.78586
      3.17262
      3.49455
      3.14457
      2.73355
      2.15508
      3.06065
      3.24738
      3.03761
      3.80486
      2.97361
      3.01111
      3.60768
      7.89444
      7.75203
      5.07235
      4.40076
      4.91077
      2.79414
      3.74737
      7.76317
      7.03901
      5.01975
      6.82081
      2.20951
      2.81443
      2.43689
      3.43260
      3.09134
      3.40913
      3.69356
      1.29114
      3.40570
      4.24741
      4.60272
      3.61269
      7.73600
      5.78534
      7.82164
      6.06799
      7.28077
      5.96641
      6.02459
      5.04924
      9.49988
      12.6444
      25.6419
      7.98369
      5.71153
      6.77372
      5.37200
      5.97238
      6.20018
      6.10179
      10.1843
      10.8608
      8.02688
      6.84908
      10.0939
      8.43514
      9.72853
      8.64321
      7.82942
      6.57430
      12.1247
      5.61073
      3.63539
      3.23320
      3.95960
      4.06385
      6.69336
      10.2196
      18.0903
      11.9423
      13.2793
      16.0836
      10.8804
      4.22453
      7.67171
      6.48238
      8.82907
      15.8209
      11.5474
      9.37825
      9.21930
      10.1140
      6.41208
      10.0823
      5.93079
      4.08061
      7.65363
      21.8419
      18.8616
      7.07994
      3.27051
      3.29230
      7.38570
      3.65324
      2.23097
      4.31125
      3.72426
      1.23355
      1.38725
      1.89761
      3.36937
      2.85450
      4.27100
      1.76309
      2.35671
      2.43743
      1.82083
      1.70809
      1.37954
      1.41257
      2.50052
      2.46914
      1.39184
     0.542103
      1.81662
      2.09590
      3.76258
      4.79670
      5.12409
      6.90024
      7.32037
      6.16783
      12.8536
      8.40348
      6.52656
      7.46057
      5.34030
      3.50133
      3.10847
      4.18800
      3.25681
      6.34592
      4.28591
      2.60304
      2.50247
      1.95390
     0.464195
      1.13998
      1.28351
      3.35608
      3.23537
      1.64917
      1.83314
      1.93945
      1.94780
      1.01473
     0.633903
      1.24367
      1.65023
      1.35771
      4.83268
      1.49319
      1.92083
      1.94183
      1.50458
      2.12470
      4.99433
      2.29412
      2.09370
      1.88893
      5.36226
      6.58381
      5.76257
      3.87950
      5.65683
      1.73510
      3.06991
      3.99111
      3.27455
      7.28122
      13.2443
      7.97071
      7.36635
      5.52039
      7.95830
      3.59930
      4.49684
      3.05749
      4.52643
      3.90651
      4.50086
      3.98124
      3.46283
      3.24751
      3.15845
      2.78798
      3.25873
      2.21218
      3.26516
      3.23589
      4.62733
      3.17718
      2.90208
      3.35515
      4.69861
      13.6763
      6.29341
      8.69278
      3.05746
      2.99132
      1.45604
     0.175792
      2.68829
      7.38333
      7.27512
      9.37728
      4.83305
      4.13522
      3.98752
      4.66493
      2.89236
      3.59019
      2.50296
      3.09028
      2.87076
      2.67473
      2.13665
      1.64151
      2.90862
      2.81747
      3.36210
      4.75268
      4.60767
      5.43521
      4.37892
      1.41147
      1.97736
      2.92330
      3.77045
      1.35433
      1.86852
      1.85182
     0.637598
     0.915203
      1.35515
      1.45411
      1.12271
      1.02142
     0.265587
     0.381922
     0.441934
     0.726027
      1.24637
      1.53588
      5.64987
      6.78554
      8.85483
      5.44922
      2.87328
      1.60854
      2.95425
      3.64697
      2.72881
      1.69734
      3.22136
      3.72067
      2.47836
      2.08053
      2.46298
      2.65356
      2.90153
      2.63924
      1.66096
      1.81440
      2.09325
      2.96005
      6.02190
      5.03004
      4.99526
      5.02190
      3.63214
      4.94258
      3.46356
      3.68416
      5.31657
      8.82521
      9.21480
      6.09282
      6.20713
      3.84272
      3.56547
      9.70804
      28.4312
      8.81731
      7.13660
      10.9619
      12.6441
      6.44701
      3.60943
      2.36948
      2.24434
      4.26873
      8.89820
      6.52117
      3.69553
      3.30370
      3.23168
      4.87667
      5.69652
      4.08559
      6.14256
      10.2074
      5.25104
      2.42649
      2.05710
     0.997265
      2.92846
      2.71699
      3.15800
      2.24797
      2.58969
      4.04509
      4.10449
      4.39766
      6.67967
      11.4099
      7.84611
      4.67256
      2.17792
      2.06057
      1.69230
      1.88330
      1.64063
      2.44579
      1.61678
      1.57749
      1.64679
      2.70901
      4.15057
      5.44886
      3.14998
      6.44914
      9.04564
      7.36686
      5.03940
      5.25516
      10.5188
      4.66549
      9.31564
      6.08058
      7.29796
      5.24921
      3.34392
      2.84948
      5.00071
      5.26318
      10.3484
      10.1381
      8.61107
      8.78179
      9.93607
      14.0952
      10.4638
      3.89705
      17.8201
      10.6607
      5.72718
      5.49973
      3.82690
      6.48666
      6.99612
      8.78947
      4.63766
      4.91523
      10.2111
      2.33536
      2.88427
      2.20369
      3.44750
      2.03516
      1.80182
      3.38966
      5.72802
      6.07971
      7.64788
      6.70923
      4.81036
      5.43862
      4.08028
      7.23436
      5.77935
      8.14405
      4.39081
      7.47843
      8.89085
      11.4262
      9.87937
      8.90971
      14.4016
      9.33241
      6.41605
      4.15627
      5.24685
      4.99878
      4.64214
      8.58372
      9.27216
      4.11039
      12.0707
      7.19878
      12.2337
      6.97655
      18.4917
      9.94622
      16.1839
      20.0142
      5.79006
      4.39316
      2.59432
      3.81107
      5.34114
      3.94743
      4.57188
      4.64224
      4.34899
      2.83533
      2.79903
      2.23009
      4.02557
      3.93423
      7.97148
      4.41407
     0.865784
      2.95924
      2.75185
      6.48105
      6.55345
      3.76002
      3.64457
      2.55852
      5.44278
      4.61963
      9.19684
      10.5486
      9.41853
      6.20673
      4.74356
      9.07158
      6.74464
      12.5588
      10.7225
      4.86843
      10.8402
      9.41948
      9.61430
      7.95349
      5.55334
      4.26799
      7.07294
      7.57878
      9.16660
      6.59556
      2.92844
      4.86475
      4.07725
      3.31888
      7.58940
      8.14204
      6.47762
      2.61882
      1.47586
      2.70993
      3.48689
      3.10768
      17.6299
      3.33547
      1.24174
      1.39369
      1.90525
     0.287058
      1.44462
      2.51594
      2.46365
      3.53318
      2.09441
      2.64619
      4.53277
      3.91614
      5.60318
      6.27390
      10.4906
      5.72594
      9.49164
      5.82524
      3.34302
      4.26827
      3.48764
      2.57827
      3.28981
      1.93231
      3.79443
      6.12921
      12.4287
      9.49607
      7.69719
      3.74784
      4.08040
      3.95551
      4.90935
      6.55432
      7.89710
      5.64075
      11.3016
      6.63604
      6.40364
      5.54829
      6.06490
      5.36154
      5.37870
      3.00734
      52.1594
      2.81184
      2.58210
      3.72100
      4.73110
      7.65477
      8.42877
      5.52051
      4.47867
      6.36725
      10.0472
      9.91956
      6.91591
      4.38345
      4.46929
      9.24467
      8.27355
      5.42423
      4.97201
      8.58432
      4.36438
      2.30661
      1.99029
      2.03617
      1.69104
      1.58186
     0.387243
     0.563149
      1.93002
      2.63668
      4.51802
      1.26564
      2.31216
      2.10066
      1.59227
      2.50810
      1.94265
      5.71549
      5.38241
      7.00242
      3.36938
      1.82874
      1.49218
      1.38447
      2.50993
      5.15754
      3.06365
      3.65521
