#      Temp          vlos          vturb         n_e
      313.116       568613.       169076.   1.55498e+12
      165.896       274287.       67057.0   1.28442e+12
      193.747       229300.       52099.6   1.48527e+11
      263.145       445507.       167538.   3.65394e+11
      403.937   1.23788e+06       255984.   2.34897e+11
      611.750       916326.       471359.   7.90058e+11
      798.653   3.35502e+06       512039.   4.67035e+11
      338.947       446163.       187147.   1.73395e+12
      263.482       310234.       75709.0   2.04217e+11
      162.842       454365.       56309.0   1.88796e+11
      184.556       421950.       99628.4   2.55861e+11
      215.192       429943.       93600.2   7.16668e+11
      152.687       270864.       84487.3   2.40095e+11
      89.9525       315841.       35690.9   1.73690e+11
      356.749       580561.       289375.   6.30900e+11
      119.213       195148.       52113.8   1.74200e+11
      210.030       308710.       105388.   7.01563e+11
      503.063       832576.       396397.   5.31958e+11
      320.132       539165.       185686.   1.96354e+11
      140.915       227066.       69229.7   2.66974e+11
      149.860       240736.       72970.2   2.84238e+11
      254.206       298340.       78598.3   1.69682e+11
      292.958       416810.       137902.   1.07757e+12
      229.021       400136.       65015.7   1.79777e+11
      193.479       256127.       88224.8   7.45907e+11
      347.987       947859.       254381.   4.62122e+11
      151.140       205884.       62461.1   1.87133e+11
      140.386       192064.       58549.6   1.73503e+11
      548.355       916504.       433647.   5.80617e+11
      168.425       231955.       44195.1   1.39951e+11
      230.616       431334.       142741.   1.57520e+11
      160.162       235307.       54685.8   1.68687e+11
      161.821       322098.       72776.9   3.76191e+11
      176.846       230532.       81361.2   4.26023e+11
      130.847       238999.       59288.4   4.94363e+11
      447.049       605154.       284620.   7.49296e+11
      115.297       161355.       45943.4   4.79169e+11
      150.201       204313.       62253.5   1.85641e+11
      190.262       358021.       82132.4   2.60216e+11
      143.319       195495.       59454.6   1.77837e+11
      136.182       271322.       67007.9   1.78389e+11
      311.288       448368.       188623.   1.29134e+12
      332.501       703397.       229873.   1.89415e+11
      311.526       656347.       211905.   1.73490e+11
      92.0659       196443.       35291.7   3.15762e+11
      180.843       365391.       47077.2   1.58108e+11
      291.775       491364.       184894.   4.43554e+11
      156.774       281450.       63399.9   2.14312e+11
      240.927       318944.       117808.   1.33805e+12
      218.101       411341.       125688.   2.41991e+11
      132.637       237486.       59041.2   3.65612e+11
      119.167       283607.       41064.8   7.32367e+11
      263.683   1.59600e+06       149694.   3.69329e+11
      471.848       690832.       314283.   5.53775e+11
      459.455       672543.       306831.   5.47833e+11
      67.9131       159753.       24292.1   1.75926e+11
      436.668   1.03154e+06       311252.   8.45224e+11
      170.328       279692.       66732.9   1.32812e+12
      171.145       572278.       84529.5   2.85124e+11
      1302.13   5.75250e+06       577521.   1.36737e+12
      221.016   1.14405e+06       124966.   1.57232e+11
      587.167       926836.       434439.   8.54961e+11
      164.011       276072.       77837.0   3.09394e+11
      169.142       285132.       79670.9   3.18029e+11
      160.034       314026.       70030.6   3.73949e+11
      262.181       285379.       81395.5   2.58033e+11
      205.062       281704.       108431.   4.36460e+11
      180.378       357600.       87870.2   2.37571e+11
      109.969       184042.       42569.1   1.96176e+11
      139.143       212179.       55209.3   3.64929e+11
      357.466       525545.       239508.   1.43402e+12
      179.160       319023.       92964.7   2.96945e+11
      189.037       264652.       81711.0   2.57251e+11
      509.267       690279.       325906.   8.46988e+11
      486.890       662927.       311462.   8.12172e+11
      267.208       305664.       82558.8   1.62136e+11
      254.401       522583.       134602.   3.76426e+11
      571.109       780934.       365964.   9.63447e+11
      529.958       723612.       339458.   8.94398e+11
      141.692       191952.       52187.1   2.13692e+11
      178.759       528330.       74725.2   5.92987e+11
      210.219       331090.       111479.   3.00483e+11
      147.925       465298.       64892.1   3.29817e+11
      122.904       200923.       46270.7   2.18442e+11
      163.387       265577.       52171.3   2.02746e+11
      152.081       246619.       74836.1   2.86228e+11
      408.005       548718.       207834.   1.93242e+12
      646.118   1.01269e+06       492946.   9.18976e+11
      523.098       993828.       378606.   4.80740e+11
      284.218       372091.       95400.0   9.33064e+11
      687.430   1.09453e+06       530686.   9.75414e+11
      675.864   1.06365e+06       518906.   9.61112e+11
      354.219       597075.       204055.   2.18380e+11
      233.447       531830.       121372.   3.33768e+11
      185.094       330854.       87843.9   4.34119e+11
      278.209       357059.       103354.   5.69736e+11
      181.098       547736.       97320.9   2.54163e+11
      210.688       388236.       88531.6   2.95849e+11
      180.780       283471.       95428.0   2.57734e+11
      1350.76   2.61146e+06   1.16943e+06   5.16629e+11
      309.646       370083.       252544.   6.48227e+11
      88.8819       149727.       37242.5   1.64083e+11
      210.191       296361.       60894.9   1.98855e+11
      195.719       357631.       97537.8   3.48033e+11
      286.311       641375.       186759.   1.44672e+11
      190.529       140712.       89935.1   2.73309e+11
      221.959       347631.       78158.5   1.99792e+11
      212.441       334045.       75581.0   1.95800e+11
      1079.71   2.27582e+06       989371.   4.10844e+11
      1041.49   2.16476e+06       945210.   3.94638e+11
      118.254       234205.       47101.1   1.57878e+11
      123.186       178998.       48072.9   1.59869e+11
      398.294       721068.       299471.   7.00158e+11
      193.662       358013.       101289.   4.34292e+11
      621.762       962304.       449921.   6.56042e+11
      578.488   1.15832e+06       470915.   5.25324e+11
      175.682       351594.       99518.1   2.58614e+11
         -NaN          -NaN          -NaN          -NaN
      504.681       939814.       395798.   3.24554e+11
      341.272   1.01472e+06       220572.   7.10050e+11
      396.749   1.18595e+06       254260.   8.32165e+11
      394.794       833889.       240755.   2.52943e+11
      303.322       475093.       204141.   9.09785e+11
      170.443       379949.       85807.5   6.44538e+11
      489.356       784501.       341289.   2.56611e+11
      209.073       359613.       52435.2   1.55045e+11
      399.202       560915.       275665.   5.44817e+11
      525.185       845578.       358979.   4.31881e+11
      483.165       915977.       315744.   7.49045e+11
      684.873   1.36811e+06       559510.   6.28442e+11
      234.637       462126.       154215.   1.56522e+11
      238.869       263215.       62822.8   1.71333e+11
      292.404       399769.       162975.   7.92712e+11
      234.745       365148.       59046.6   1.92177e+11
      422.928       749248.       303768.   5.42893e+11
      603.504   1.20941e+06       490003.   5.43671e+11
      236.122       268395.       64966.8   1.55879e+11
      172.091       256532.       50076.4   1.30076e+11
      285.435       542687.       195549.   4.82102e+11
      256.557       435194.       187737.   4.14529e+11
      157.771       233853.       45736.2   1.18749e+11
      152.760       279426.       80489.4   1.66876e+11
      109.217       163211.       46394.2   1.61829e+11
      417.365       622339.       278264.   6.57357e+11
      375.069       714186.       245878.   2.55155e+11
      129.000       303488.       62723.3   2.86291e+11
      168.746       272996.       50564.5   1.73890e+11
      335.539       379897.       199863.   1.79825e+11
      260.810       388135.       128139.   1.48135e+12
      124.543       132908.       56958.2   4.18236e+11
      549.501       894236.       374313.   4.53099e+11
      184.532       397403.       95991.7   3.17532e+11
      194.351       365854.       106568.   2.44527e+11
      187.667       473835.       87447.4   1.33628e+11
      285.739       540244.       166353.   3.74039e+11
      304.091       905209.       196639.   6.39499e+11
      135.851       248924.       44099.8   1.42929e+11
      205.759       415211.       116591.   3.02648e+11
      262.984       412894.       162940.   4.39946e+11
      161.640       307768.       103628.   1.47220e+11
      115.071       183497.       63615.9   1.88849e+11
      325.932       516377.       232775.   2.58414e+11
      289.802       817824.       170423.   2.66217e+11
      880.966   1.72696e+06       917732.   3.65251e+11
      254.919       410816.       190455.   5.52834e+11
      122.893       227481.       65781.3   1.48807e+11
      131.481       298969.       68651.3   2.43933e+11
      376.680   1.02662e+06       265375.   4.67024e+11
      121.182       276803.       58462.2   2.02212e+11
      222.546       389308.       105665.   7.09400e+11
      215.471       376635.       102912.   6.91712e+11
      315.469       516937.       190802.   6.70595e+11
      420.275   1.05709e+06       295322.   5.12494e+11
      363.715       612520.       259298.   5.45733e+11
      372.345       622955.       263166.   5.72218e+11
      377.203       633311.       271004.   5.69505e+11
      162.759       249520.       77669.0   4.28963e+11
      172.404       365362.       97928.2   4.17187e+11
      167.567       251223.       48237.0   1.06856e+11
      249.609       392492.       147255.   3.27532e+11
      263.058       459562.       176251.   2.40768e+11
      384.120       673249.       276637.   3.03155e+11
      364.566   1.01486e+06       264298.   4.44662e+11
      239.419       444912.       152693.   6.06712e+11
      157.857       342347.       101583.   1.45646e+11
      118.937       205630.       50601.5   1.95531e+11
      263.503       368230.       150148.   4.38435e+11
      783.098   2.54188e+06   1.25712e+06   1.39834e+12
      1012.73   3.39565e+06   1.65868e+06   1.83595e+12
      256.416       384835.       74749.0   2.57593e+11
      121.063       267376.       45074.7   2.01675e+11
      764.220   1.53482e+06       637596.   4.83100e+11
      119.094       404256.       55807.2   2.21928e+11
      107.417       360703.       50410.4   2.01638e+11
      334.729       561958.       236515.   3.27337e+11
      356.015       600759.       254352.   3.40297e+11
      359.221   1.19545e+06       141262.   3.06847e+11
      410.519       787512.       295259.   3.78929e+11
      148.121       279381.       72907.3   2.12397e+11
      185.819       189186.       50272.1   1.29613e+11
      103.340       317257.       54075.7   2.40036e+11
      200.467       346474.       106103.   2.28086e+11
      230.742       398810.       121126.   2.60688e+11
      234.938       278492.       65655.0   1.56647e+11
      136.062       221190.       64705.3   4.21073e+11
      73.5464       227629.       30606.2   1.48718e+11
      457.752       916319.       308156.   3.01031e+11
      342.033       734071.       217175.   2.06212e+12
      148.954       218655.       72346.6   6.44799e+11
      118.398       208410.       52164.6   1.48980e+11
      128.414       175703.       55250.4   1.79376e+11
      157.170       385314.       56414.0   1.11318e+12
      178.614       190650.       45285.2   1.43571e+11
      243.731       746107.       144417.   5.95969e+11
      224.483       275061.       105289.   7.65296e+11
      109.010       180686.       53882.8   1.49318e+11
      246.756       293160.       159499.   1.04366e+12
      167.692       337592.       75768.5   4.78775e+11
      344.486       636317.       214673.   4.52531e+11
      174.336       187468.       43348.6   1.60700e+11
      222.188       368785.       114117.   3.08609e+11
      183.050       7990.52       3029.85   9.47783e+10
      127.493       320228.       71232.5   1.31501e+11
      105.439       189879.       28663.1   1.31265e+11
      555.530   5.21592e+06       318170.   8.92956e+11
      103.995       175687.       50972.5   1.70436e+11
      144.753       173480.       40300.8   7.41582e+10
      153.359       183834.       43496.9   8.04998e+10
      130.335       303199.       69330.6   1.31261e+11
      396.384       713338.       301447.   2.78697e+11
      143.999       421829.       87726.2   2.34183e+11
      81.4288       246213.       32656.1   1.63075e+11
      158.438       6934.39       2632.78   8.19489e+10
      144.365       168986.       62986.6   6.57057e+11
      636.792   1.28204e+06       516580.   5.83132e+11
      154.943       180353.       66468.5   6.98721e+11
      140.580       374204.       41868.9   1.14849e+11
      132.641       157604.       58796.1   5.99274e+11
      143.027       171948.       64197.5   6.34739e+11
      126.132       224149.       58328.6   3.68092e+11
      140.014       270902.       84405.7   5.87079e+11
      259.550       765999.       166835.   5.44990e+11
      304.784       911546.       197282.   6.38574e+11
      533.944       788392.       402954.   7.56688e+11
      320.261       521177.       197095.   3.02051e+11
          Inf           Inf           Inf           Inf
      224.836       245302.       62207.4   1.53551e+11
      164.963       182847.       43668.9   1.57883e+11
      501.818   2.68145e+06       331914.   2.02975e+11
      239.566       922477.       156284.   1.31721e+11
      252.402       273894.       78903.2   2.43094e+11
      143.272       193844.       60627.3   2.01304e+11
      106.872       181493.       53763.0   1.43261e+11
      273.405       306576.       170086.   1.24166e+12
      124.189       185955.       49848.2   1.78156e+11
      369.036       683486.       228512.   4.88234e+11
      204.698       279166.       56349.5   1.57162e+11
      272.467       376959.       171857.   2.03778e+12
      155.366       294591.       82602.3   2.45039e+11
      156.591       374045.       68464.9   3.47509e+11
      224.655       496733.       110407.   8.54146e+11
      176.668       288005.       93860.1   2.39219e+11
      284.390       482668.       152695.   2.62584e+11
      100.560       169656.       48435.9   1.78196e+11
      97.0562       138305.       33455.2   1.72107e+11
      165.107       570837.       82494.7   2.45794e+11
      171.794       593789.       85537.5   2.55014e+11
      1124.95   2.47890e+06       965284.   3.13894e+11
      172.483       257202.       81929.9   3.12429e+11
      457.896       865288.       328412.   3.48907e+11
      434.287       815727.       310826.   3.26614e+11
      295.439       552182.       170520.   1.87657e+11
      169.323       271950.       92728.5   5.44131e+11
      139.681       208341.       66237.5   2.34065e+11
      156.995       299617.       89904.9   5.87260e+11
      328.917       603367.       256806.   3.64542e+11
      121.751       249156.       62738.5   1.66716e+11
      108.381       196608.       42039.4   1.45209e+11
      206.283       399566.       120178.   1.48382e+11
      67.8187       136140.       26414.4   1.36050e+11
      154.396       265247.       71857.6   2.25369e+11
      188.173       350920.       97524.8   1.66751e+11
      167.892       269549.       72796.3   1.42188e+11
      121.453       259272.       60214.1   1.89917e+11
      115.001       213475.       53357.0   1.56448e+11
      169.182       101343.       135745.   1.26110e+11
      130.108       239345.       45601.8   1.52180e+11
      322.021       511202.       177933.   3.66959e+12
      276.093       458193.       160438.   5.74817e+11
      125.284       230754.       62457.1   2.66109e+11
      209.997       458747.       78574.7   1.55069e+11
      430.343       581518.       274071.   7.16099e+11
      180.109       130058.       111816.   2.45576e+11
      344.618       474379.       225353.   1.36112e+12
      254.224       456458.       148058.   1.04914e+12
      358.760       605111.       207667.   2.20118e+11
      247.084       324064.       120310.   1.51441e+12
      195.165       526176.       99707.3   3.57965e+11
      187.635       301766.       96488.7   1.87484e+11
      343.361       630740.       267186.   3.82528e+11
      327.934       599963.       255601.   3.64435e+11
      94.0490       302068.       46231.5   2.14431e+11
      428.392       797024.       334070.   4.80965e+11
      379.572   1.12974e+06       236464.   1.00400e+12
      320.233       807367.       201665.   2.62720e+11
      109.603       262467.       56423.7   1.36426e+11
      161.396       618505.       100790.   1.00948e+11
      216.455       822494.       133183.   1.14575e+11
      358.301       584336.       268226.   8.85100e+11
      94.6086       157393.       41856.2   1.04049e+11
      495.391       990574.       458175.   3.18527e+11
      303.217       629693.       186182.   2.39174e+11
      260.883       495294.       147944.   5.27983e+11
      308.851       682083.       173357.   3.78900e+11
      452.950   1.21992e+06       269300.   1.06620e+12
      243.931       823907.       135301.   1.91290e+11
      189.478       518618.       117321.   1.93682e+11
      161.765       263000.       65438.0   3.55300e+11
      156.629       278160.       64008.1   2.18855e+11
      303.194       699064.       138373.   6.25223e+11
      929.396   6.80958e+06       789913.   3.39185e+12
      666.288   8.43777e+06       384340.   6.56484e+11
      955.101   1.86048e+06       658865.   8.54288e+11
      289.667       561695.       121545.   9.86524e+11
      78.5416       183081.       27412.5   1.94906e+11
      140.423       305785.       75839.3   1.67782e+11
      116.657       201475.       61913.4   1.47985e+11
      154.074       165191.       41288.5   1.22021e+11
      187.611       582504.       75787.8   7.74373e+11
      175.636       368288.       103684.   1.87153e+11
      577.276   1.60991e+06       418732.   7.80506e+11
      207.007       344694.       118051.   3.11600e+11
      189.260       310141.       60821.4   2.32529e+11
      309.079       557376.       179832.   1.27171e+12
      334.870       771662.       147369.   6.90657e+11
      323.816       629284.       200510.   2.41012e+11
      293.452       755055.       165422.   7.53984e+11
      375.126       609694.       209902.   4.91348e+11
      327.871       465286.       201050.   1.04475e+12
      307.722       474294.       163168.   1.32158e+12
      197.116       343199.       97415.6   3.27860e+11
      201.807       239501.       105047.   8.66490e+11
      322.009       409966.       150514.   3.05833e+12
      237.653       352948.       98820.2   9.58379e+11
      777.802   1.28891e+06       482169.   3.23950e+11
      596.914   7.63753e+06       344563.   5.79056e+11
      221.521       436005.       125562.   1.16605e+11
      154.553       219198.       65562.6   4.11662e+11
      255.810       347133.       140901.   1.58381e+12
      136.639       314150.       74765.0   1.88176e+11
      168.051       237119.       48080.2   1.49808e+11
      418.169       696412.       275342.   8.77507e+11
         -NaN          -NaN          -NaN          -NaN
      144.560       184783.       59306.9   2.00231e+11
      769.162   3.95546e+06   1.30806e+06   2.09714e+12
      127.827       184956.       46021.4   2.91735e+11
      212.478       406616.       118280.   2.33308e+11
      229.376       509507.       125104.   3.01080e+11
      588.110       855430.       404255.   4.09489e+11
      112.980       162320.       39020.5   2.01201e+11
      179.989       438922.       66238.1   6.51273e+11
      469.350       792957.       331761.   8.10951e+11
      461.499       775886.       324269.   8.00206e+11
      309.866       497957.       172865.   3.49696e+12
      176.494       336868.       96533.2   1.90589e+11
      84.1169       141031.       37230.0   4.93541e+11
      195.043       344271.       87738.0   4.93340e+11
      240.535       396510.       104085.   9.86550e+11
      427.170       578574.       217699.   2.02806e+12
      313.822       526403.       180361.   1.94180e+11
      534.636       761878.       370781.   6.91711e+11
      129.522       171053.       38752.2   1.62131e+11
      109.275       518552.       42025.1   5.71588e+11
      299.315       578981.       184538.   6.72496e+11
      337.894       666238.       212292.   7.58141e+11
      277.386       514822.       200822.   2.84430e+11
      145.887       334367.       76225.5   1.47851e+11
      133.124       244496.       61623.5   1.47982e+11
      338.167       597008.       205583.   2.81553e+11
      264.111       365213.       142394.   7.77812e+11
      124.394       254494.       62967.1   3.74517e+11
      215.771       457049.       100383.   3.38126e+11
      287.690       563646.       120211.   9.61183e+11
      336.287       615425.       261014.   3.77421e+11
      160.579       347127.       79203.1   3.35937e+11
      92.3618       170633.       43097.8   2.96195e+11
      179.903       877368.       94560.9   1.93693e+11
      102.539       445176.       40873.8   1.19878e+11
      307.042       557142.       208955.   1.12456e+12
      92.7422       145015.       40027.1   3.07895e+11
      181.249       211019.       50425.3   1.41584e+11
      247.329       390149.       125890.   1.46735e+11
      140.871       254670.       73023.4   1.75428e+11
      272.287       544025.       164173.   1.53603e+11
      89.6120       123158.       32965.8   1.50565e+11
      157.029       238142.       69431.8   2.38095e+11
      126.409       249977.       62942.4   1.90298e+11
      308.018       647749.       247258.   2.10660e+11
      60.0854       102883.       25841.6   7.86138e+10
      80.6690       141095.       35477.2   1.07184e+11
      71.2464       122695.       30950.3   9.63022e+10
      438.140       876876.       339685.   4.50054e+11
      252.152       431122.       147177.   2.61429e+11
      92.4727       128358.       34504.7   1.54151e+11
      374.793   2.00438e+06       222546.   1.71686e+12
      360.100       599564.       232251.   3.33165e+11
      117.352       239431.       55275.7   3.04766e+11
      223.980   1.09697e+06       89665.1   1.16082e+12
      162.573       499416.       71855.0   3.41620e+11
      392.729       848924.       300670.   3.56606e+11
      544.400   1.06144e+06       437606.   4.85218e+11
      122.430       261260.       62979.5   1.35909e+11
      473.896       955697.       406398.   4.98097e+11
      223.492       428432.       105206.   3.81890e+11
      155.703       383791.       47033.2   1.83706e+11
      94.6721       152284.       40715.2   2.40592e+11
      275.533       442867.       210807.   4.87208e+11
      453.590       611031.       288044.   2.77168e+11
      105.036       208940.       35829.8   2.19784e+11
      145.635       274531.       62671.6   4.16657e+11
      309.750       627158.       181118.   1.04727e+12
      361.870       840038.       230525.   1.03214e+12
      635.731   1.00630e+06       452843.   4.99436e+11
      286.646       419062.       145772.   1.30758e+12
      80.0196       174104.       187781.   1.02856e+10
      430.293       622447.       246870.   8.11935e+11
      628.720   1.34415e+06       459498.   3.43355e+11
      120.677       245338.       63897.4   1.55510e+11
      510.738   1.01553e+06       361502.   6.00348e+11
      332.963       492127.       169578.   1.50796e+12
      278.776       612236.       194181.   1.54480e+11
      191.219       321060.       90851.1   1.02145e+12
      239.223       368417.       137526.   4.64270e+11
      1911.43   7.19150e+06   1.64881e+06   6.45904e+11
      720.721   1.11695e+06       567155.   3.60988e+11
      253.177       475081.       118250.   7.14786e+11
      174.754       476144.       77552.9   5.46639e+11
      488.038       624646.       305716.   3.45558e+11
      392.099       601826.       158226.   3.56085e+11
      149.700       267271.       68168.8   4.12027e+11
      209.065       490388.       125950.   1.78763e+11
      128.065       317446.       66029.2   1.03466e+11
      109.250       195238.       50282.0   2.99907e+11
      220.984       440076.       127453.   1.78195e+11
      145.317       385896.       68998.8   1.97010e+11
      772.589   6.01738e+06       471204.   3.17507e+12
      330.480       781722.       230376.   1.87302e+11
      223.263       645779.       122235.   2.32260e+11
      116.459       294580.       37857.3   1.39288e+11
      194.859       320415.       100360.   2.77820e+11
      108.253   1.25476e+06       38550.6   1.84114e+11
      174.581       308786.       87622.2   4.60444e+11
      4403.89   6.24082e+06   6.63688e+06   5.51368e+11
      316.003   1.45493e+06       227089.   1.39265e+11
      372.985       538182.       187539.   1.69493e+12
      376.786       560224.       96624.8   2.59990e+11
      558.041   1.11477e+06       396296.   6.61856e+11
      132.760       537157.       57047.9   3.36529e+11
      220.397       282127.       63697.6   1.57107e+11
  3.24613e-14       211860.       49427.8   1.61286e+11
      370.483       798894.       223473.   4.16483e+11
      291.162       389894.       167172.   1.46705e+12
      382.632   1.28541e+06       236033.   2.23543e+11
      166.617       448633.       91332.3   2.35111e+11
      352.916       507108.       186969.   4.48668e+11
      227.363       403732.       71417.1   2.08733e+11
      743.816   1.31296e+06       634140.   3.64613e+11
      448.403       748980.       316409.   7.67370e+11
      230.054       402207.       70198.6   2.02044e+11
      242.234       316214.       82823.6   2.40213e+11
      783.947   3.23857e+06       534775.   9.63684e+11
      296.304       505037.       138735.   5.66302e+11
      262.482       450562.       125000.   4.98203e+11
      388.696       523967.       192336.   8.90340e+11
      454.622       643593.       254033.   3.03644e+12
      213.206       374030.       65737.9   1.92205e+11
      271.943       371611.       121494.   1.97937e+12
      328.342       678780.       202504.   3.44947e+11
      615.905   1.56534e+06   3.92946e+06   6.95426e+11
      57.7185       133372.       26211.3   3.59592e+11
      204.301       436778.       89767.3   4.84987e+11
      717.814   1.51125e+06       584071.   3.73415e+11
      176.693       256120.       76085.6   5.72170e+11
      227.952       386368.       117051.   3.67481e+11
      147.025       253174.       67717.5   1.32656e+11
      297.076       408066.       165630.   1.80680e+12
      370.535       687564.       287666.   4.12997e+11
      242.726       742721.       146325.   1.43347e+11
      132.954       213554.       44652.5   1.46411e+11
      123.539       145414.       36712.7   1.25967e+11
      93.6158       194325.       33352.0   1.28768e+11
      73.7338       125823.       36356.6   4.31028e+11
      298.020       509419.       197014.   1.61747e+11
      410.078       933889.       296007.   1.46642e+11
      120.242       231645.       59821.7   1.14529e+11
      152.765       215237.       52556.4   1.17130e+11
      191.761       318488.       98354.2   1.91916e+11
      625.019       930163.       479809.   8.08790e+11
      157.683       301443.       59947.6   6.44789e+11
      331.422       481531.       167030.   1.50371e+12
      152.964       317362.       62462.8   1.83127e+11
      565.871   1.11131e+06       397323.   6.69434e+11
      168.577       390629.       54567.7   2.36319e+11
      389.414       493255.       274652.   1.04134e+12
      153.989       381889.       88362.9   2.15576e+11
      147.000       266754.       82412.9   1.64386e+11
      249.684       618522.       171536.   1.28235e+11
      119.698       292630.       70809.5   4.92534e+11
      108.416       178014.       54003.0   1.47813e+11
      101.130       132190.       27901.5   7.26027e+10
      272.183       440958.       220005.   4.83215e+11
      249.116       893860.       138034.   9.00351e+11
      183.800       564987.       114315.   3.87192e+11
      417.321       609058.       217760.   3.93520e+11
      205.101       330088.       91031.8   3.38004e+11
      225.109       387507.       110779.   6.84754e+11
      365.008       522935.       200392.   4.50417e+11
      627.906   1.04230e+06       499017.   6.60276e+11
         -NaN          -NaN          -NaN          -NaN
      416.239       773056.       286452.   6.62459e+11
      157.925       246241.       73002.0   2.38531e+11
      632.615   8.01196e+06       369907.   6.12888e+11
      291.703       526951.       172073.   1.19002e+12
      297.160       739259.       211812.   2.38619e+11
      144.195       287247.       85869.7   1.45122e+11
      175.349       327901.       95293.0   5.96126e+11
      257.183       410653.       146422.   4.71124e+11
      220.064       317224.       72456.0   2.28003e+11
      228.701       390102.       108611.   4.36024e+11
      98.1198       199872.       41110.6   3.56006e+11
      130.455       243582.       61086.1   4.91617e+11
      150.408       213432.       61039.5   3.21928e+11
      173.109       318212.       77833.9   6.47060e+11
      231.847       333657.       60772.8   1.87492e+11
      303.654       562894.       188695.   2.46374e+11
      730.949   1.56977e+06       560599.   4.99177e+11
         -NaN          -NaN          -NaN          -NaN
      321.839       355135.       188756.   1.88671e+12
      318.288       581519.       180181.   3.43861e+11
      108.661       216360.       50392.6   5.91438e+11
         -NaN          -NaN          -NaN          -NaN
          Inf           Inf           Inf           Inf
      199.121       342578.       136533.   4.53324e+11
          Inf           Inf           Inf           Inf
      208.810       403372.       145246.   3.11916e+11
      102.997       171160.       50451.3   1.51131e+11
      133.994       201375.       68506.1   1.58076e+11
      277.349       881657.       174330.   1.82859e+11
      442.952       370822.   1.10960e+06   2.41346e+11
      124.581       292940.       77264.1   7.75651e+10
      568.228   5.67931e+06       328494.   4.95192e+11
      206.340       275224.       116425.   5.44476e+11
      109.670       391532.       60400.7   1.54136e+11
      520.613   1.34220e+06       419245.   2.36409e+11
      203.633       895500.       114288.   1.53711e+11
      157.858       381055.       64577.1   1.61096e+11
      235.027       384945.       165053.   2.14094e+11
      163.402       282830.       95287.0   1.48782e+11
      187.802       817932.       117268.   5.29838e+11
      108.325       142120.       30017.2   7.93385e+10
      338.945       589674.       222118.   7.95441e+11
      493.939       960609.       369511.   3.05019e+11
      187.621       472692.       104333.   1.93874e+11
      132.245       244724.       60347.2   2.02976e+11
      337.932       434897.       82109.5   2.19827e+11
      195.420       275837.       114143.   5.48991e+11
      110.345       364909.       42090.4   1.77106e+11
      104.267       270324.       61322.3   1.27074e+11
      620.126   1.44210e+06       508833.   7.79558e+11
      131.900       343141.       65259.6   2.05289e+11
      139.603       235764.       71069.6   2.11195e+11
      379.079       548910.       229499.   1.55995e+12
      183.684       258052.       79091.9   2.45878e+11
      136.264       208009.       53541.4   1.78890e+11
      885.796   1.51266e+06       628881.   5.12913e+11
      227.896       421543.       100527.   4.31115e+11
      548.685       807004.       367556.   6.45275e+11
      195.968       271652.       83564.9   2.68956e+11
      168.682       332701.       78577.5   2.17372e+11
      222.742       497107.       142961.   1.94866e+11
      162.709       176375.       47202.5   1.10719e+11
      229.516       435507.       129438.   3.60655e+11
      138.672       335185.       75914.2   3.54732e+11
      200.377       310621.       113075.   7.13252e+11
      534.705   1.27354e+06       385416.   1.02625e+12
      289.759       491106.       181617.   5.27723e+11
      144.801       245960.       73031.5   2.56503e+11
      280.284       483929.       158847.   1.89130e+11
      118.229       206437.       55512.4   6.20345e+11
      338.910       639857.       242092.   4.49149e+11
      153.562       521126.       76540.4   2.51294e+11
      138.331       323171.       76889.3   2.05030e+11
      133.067       309312.       73670.0   1.97445e+11
      258.675       341469.       68016.2   2.06737e+11
      366.575       658930.       276867.   6.38718e+11
      175.534       265836.       57927.9   1.69497e+11
      316.477       577439.       244838.   3.52598e+11
      228.576       374621.       134148.   3.55258e+11
      243.262       410941.       154342.   1.41379e+12
      234.060       366134.       155168.   2.42688e+11
      152.044       231945.       92354.0   1.29179e+12
      56.8201       106389.       23102.8   1.18046e+11
      301.371       499152.       194322.   2.80005e+11
      177.320       356259.       93561.8   8.58693e+11
      65.3645       112209.       28683.7   9.11964e+10
      140.887       227015.       67838.1   3.22960e+11
      135.022       212461.       49532.2   1.20750e+11
      114.530       148202.       43220.2   1.53591e+11
      144.173       192978.       56354.4   1.95624e+11
      202.844       360543.       104865.   2.43947e+11
      273.528       493534.       176846.   3.29098e+11
      116.993       235358.       53597.9   1.15648e+11
      125.479       227541.       61090.5   2.18872e+11
      560.618   1.06567e+06       404944.   4.23075e+11
      229.056       432998.       124433.   2.42428e+11
      117.409       130830.       36037.1   1.90736e+11
      163.657       337397.       92318.6   1.59645e+11
      260.772       351815.       152124.   1.31141e+12
      167.159       304991.       70890.7   3.18768e+11
      455.060   1.79646e+06       376485.   2.54370e+11
      151.326       327317.       80786.8   1.76597e+11
      101.737       195181.       49291.2   1.52655e+11
      117.167       916472.       44060.4   3.60619e+11
      159.983       220592.       75473.5   2.78418e+11
      140.267       337181.       80270.9   1.33617e+11
      140.422       340445.       81035.2   1.33098e+11
      70.0117       148896.       27506.8   8.09381e+10
      495.503       710340.       285990.   2.94711e+11
      76.4612       115346.       28973.9   9.81912e+10
      1087.63   5.31950e+06       889756.   7.73911e+11
      139.834       228593.       60265.7   2.02004e+11
      513.676   1.18949e+06       377892.   1.87690e+11
      128.705       288934.       64172.8   3.07551e+11
      78.2107       156233.       34034.9   1.81028e+11
      251.058       401800.       149193.   3.08853e+11
      356.134       743007.       280280.   4.61233e+11
      127.514       443824.       65427.7   1.73649e+11
      102.784       213066.       56717.3   1.15446e+11
      292.417       440843.       142228.   8.41988e+11
      288.098       438793.       142003.   8.21198e+11
      225.375       567966.       131659.   2.24467e+11
      100.847       276678.       39951.4   2.88882e+11
      488.831       489995.       344374.   7.87875e+11
      199.068       319188.       92709.9   6.94538e+11
      141.402       669676.       50720.0   7.51812e+11
      84.0303       229072.       35109.3   2.16551e+11
      324.883       555819.       188890.   2.03211e+11
      339.876       661635.       218497.   1.79206e+11
      182.508       361486.       114852.   3.09296e+11
      314.883   1.81982e+06       208738.   1.24503e+11
      334.301   1.94857e+06       223461.   1.33985e+11
      158.546       228552.       54392.3   1.34006e+11
      407.906       505970.       195267.   1.04108e+11
      94.9433       165195.       32328.7   2.86138e+11
      227.928       440618.       127629.   1.24591e+11
      360.057       566253.       261682.   2.49009e+11
      81.9178       164977.       37160.8   2.18005e+11
      105.724       188669.       47542.2   1.25182e+11
      57.4203       183959.       24296.4   1.45371e+11
      282.680       714881.       197780.   3.49621e+11
